name: moderngl-pygame
channels:
  - pytorch
  - nvidia
  - michael_wild
  - conda-forge
  - defaults
dependencies:
  - _openmp_mutex=4.5=2_gnu
  - bzip2=1.0.8=h2466b09_7
  - ca-certificates=2024.8.30=h56e8100_0
  - freetype=2.12.1=hdaf720e_2
  - glcontext=3.0.0=py312h275cf98_1
  - intel-openmp=2024.2.1=h57928b3_1083
  - lcms2=2.16=h67d730c_0
  - lerc=4.0.0=h63175ca_0
  - libblas=3.9.0=25_win64_mkl
  - libcblas=3.9.0=25_win64_mkl
  - libdeflate=1.22=h2466b09_0
  - libexpat=2.6.4=he0c23c2_0
  - libffi=3.4.2=h8ffe710_5
  - libgcc=14.2.0=h1383e82_1
  - libgomp=14.2.0=h1383e82_1
  - libhwloc=2.11.2=default_ha69328c_1001
  - libiconv=1.17=hcfcfb64_2
  - libjpeg-turbo=3.0.0=hcfcfb64_1
  - liblapack=3.9.0=25_win64_mkl
  - libpng=1.6.44=h3ca93ac_0
  - libsqlite=3.47.0=h2466b09_1
  - libtiff=4.7.0=hfc51747_1
  - libwebp-base=1.4.0=hcfcfb64_0
  - libwinpthread=12.0.0.r4.gg4f2fc60ca=h57928b3_8
  - libxcb=1.17.0=h0e4246c_0
  - libxml2=2.13.5=h442d1da_0
  - libzlib=1.3.1=h2466b09_2
  - mkl=2024.2.2=h66d3029_14
  - moderngl=5.11.1=py312h72972c8_0
  - numpy=2.1.3=py312h49bc9c5_0
  - openjpeg=2.5.2=h3d672ee_0
  - openssl=3.4.0=h2466b09_0
  - pandas=2.2.3=py312h72972c8_1
  - pillow=11.0.0=py312ha41cd45_0
  - pip=24.3.1=pyh8b19718_0
  - pthread-stubs=0.4=h0e40799_1002
  - pyglm=2.7.3=py312hd5eb7cc_1
  - python=3.12.5=h889d299_0_cpython
  - python-dateutil=2.9.0.post0=pyhff2d567_1
  - python-tzdata=2024.2=pyhd8ed1ab_1
  - python_abi=3.12=5_cp312
  - pytz=2024.1=pyhd8ed1ab_0
  - scipy=1.14.1=py312h337df96_1
  - setuptools=75.6.0=pyhff2d567_1
  - six=1.16.0=pyhd8ed1ab_1
  - tbb=2021.13.0=h62715c5_1
  - tk=8.6.13=h5226925_1
  - tzdata=2024b=hc8b5060_0
  - ucrt=10.0.22621.0=h57928b3_1
  - vc=14.3=ha32ba9b_23
  - vc14_runtime=14.42.34433=he29a5d6_23
  - vs2015_runtime=14.42.34433=hdffcdeb_23
  - wheel=0.45.1=pyhd8ed1ab_1
  - xorg-libxau=1.0.11=h0e40799_1
  - xorg-libxdmcp=1.1.5=h0e40799_0
  - xz=5.2.6=h8d14728_0
  - zstd=1.5.6=h0ea2cb4_0
  - pip:
      - pygame==2.6.1
